\\ The cuspidal group C1(p) and rational cuspidal group C1(p)(Q) for 11<p<600
\\ we present our groups as [a_1,...a_n] = Z/a1Z x ... x Z/a_nZ


p  |                        C1(p), C1(p)(Q) 
-----------------------------------------------------------------------------------------------------------------------------------------
11, [ 25 ], [ 5 ]
13, [ 19, 19 ], [ 19 ]
17, [ 292, 1168 ], [ 584 ]
19, [ 1461, 13149 ], [ 4383 ]
23, [ 37181, 4498901 ], [ 408991 ]
29, [ 4, 4, 4, 4, 9203892, 450990708 ], [ 4, 4, 64427244 ]
31, [ 2, 10, 1772833370, 8864166850 ], [ 10, 1772833370 ]
37, [ 53505562232535, 481550060092815 ], [ 160516686697605 ]
41, [ 21553759881619888, 538843997040497200 ], [ 107768799408099440 ]
43, [ 2, 2, 223364647569268558, 10944867730894159342 ], [ 2, 1563552532984879906 ]
47, [ 142605986469692740469, 75438566842467459708101 ], [ 3279937688802933030787 ]
53, [ 14032869452244904602299329, 2371554937429388877788586601 ], [ 182427302879183759829891277 ]
59, [ 589324663207792234929168861989, 495622041757753269575431012932749 ], [ 17090415233025974812945896997681 ]
61, [ 77, 77, 2249026400408198764708332679163, 56225660010204969117708316979075], [ 77, 11245132002040993823541663395815 ]
67, [ 661, 661, 20742411322218610498404968504426647, 2509831769988451870307001189035624287 ], [ 661, 228166524544404715482454653548693117 ]
71, [ 701, 701, 24193505826034073099187101823196730189, 29637044636891739546504199733415994481525 ], [ 701, 846772703911192558471548563811885556615 ]
73, [ 2, 2, 2, 2, 3313439439643796256465574023292013345776614, 29820954956794166308190166209628120111989526 ], [ 2, 2, 9940318318931388769396722069876040037329842 ]
79, [ 521, 521, 2263623089554573652699188302579475498580792443, 382552302134722947306162823135931359260153922867 ], [ 521, 29427100164209457485089447933533181481550301759 ]
83, [ 2406984131025101712234550549597592650903636598642273, 4046140324253195978266279473873553246169013122317660913 ], [ 98686349372029170201616572533501298687049100544333193 ]
89, [ 2, 2, 2, 2, 1522954443020854102271958820561189448280265949250848440630, 184277487605523346374907017287903923241912179859352661316230 ], [ 2, 2, 16752498873229395124991547026173083931082925441759332846930 ]
97, [ 35, 35, 46112087576831945308457230271075213082193874861568739344925034980, 737793401229311124935315684337203409315101997785099829518800559680 ], [ 35, 184448350307327781233828921084300852328775499446274957379700139920 ]
101, [ 3064939335343506822573355022531894007882213708866407329225203313457459, 1915587084589691764108346889082433754926383568041504580765752070910911875 ], [ 76623483383587670564333875563297350197055342721660183230630082836436475 ]
103, [ 17, 514392345891589895637048628820472810730201209034367243706045518045882353, 8744669880157028225829826689948037782413420553584243143002773806780000001 ], [ 17, 514392345891589895637048628820472810730201209034367243706045518045882353 ]
107, [ 2346580659993562673339792297393009893188235684192067270980019937731700333011, 6591545073921917549411476563376964789965754036895516964182876005088346235427899 ], [ 124368774979658821687008991761829524338976491262179565361941056699780117649583 ]
109, [ 56388, 4567428, 30503085049356539290485687815066993227119979241713916290871042221219577676, 30503085049356539290485687815066993227119979241713916290871042221219577676 ], [ 507492, 30503085049356539290485687815066993227119979241713916290871042221219577676 ]
113, [ 4, 4, 4, 4, 16, 16, 16, 16, 208, 208, 43773690282117963582952307081013028263168776956614610780126844146888225520880,  2144910823823780215564663046969638384895270070874115928226215363197523050523120 ], [ 4, 4, 16, 16, 208, 306415831974825745080666149567091197842181438696302275460887909028217578646160 ]
127, [ 2, 2, 2, 2, 2, 2, 2, 2, 2, 2, 2, 2, 38, 266, 7234029416453778605598936534698198482162603797898310844442081831583289208863626657601119528814, 455743853236588052152733001685986504376244039267593583199851155389747220158408479428870530315282 ], [ 2, 2, 2, 2, 2, 2, 266,  21702088249361335816796809604094595446487811393694932533326245494749867626590879972803358586442 ]
131, [ 5, 151312189044792461128568224733501004734665509594643260446293436870058786218684755262187278724742294345, 127858799742849629653640149899808349000792355607473555077117954155199674354788618196548250522407238721525 ], [ 5, 1967058457582301994671386921535513061550651624730362385801814679310764220842901818408434623421649826485 ]
137, [ 2983341706455471046382310468010837937531553933546595350745634190988276065015687184573166773177310686398356640, 
862185753165631132404487725255132163946619086794966056365488281195611782789533596341645197448242788369125068960 ], [ 
50716809009743007788499277956184244938036416870292120962675781246800693105266682137743835144014281668772062880 ]>
139, [ 1385, 1385, 287929665194710793250502532236735058642355482149665911363257421946064619814669541486121867802455590328099515, 
152314792888002009629515839553232846021806050057173267111163176209468183881960187446158468067499007283564643435 ], [ 1385, 
6622382299478348244761558241444906348774176089442315961354920704759486255737399454180802959456478577546288845 ]
149, [ 65852818713688231262497777891355356441458360200373144556054159133557304191995280960207280065382451553033290759105081494315, 
90152508819039188598359457933265482968356495114310834897238143853839949438841539634523766409508576176102575049214856565717235 ], [ 
2436554292406464556712417781980148188333959327413806348574003887941620255103825395527669362419150707462231758086888015289655 ]
151, [ 2, 2, 2, 2, 2, 2, 2498856841371943685931661747333136873981297950413290095743319870034706916850688721213904634471251451492214736187552
920287442, 1561785525857464803707288592083210546238311219008306309839574918771691823031680450758690396544532157182634210117220575179651250 ], [ 2, 2, 2, 62471421034298592148291543683328421849532448760332252393582996750867672921267218030347615861781286287305368404688823007186050 ]
157, [ 4396, 4396, 85092961126087678218262943736180451595487478080216639011635062862436049691898233275194842898362829535723801820672268144442469732, 14380710430308817618886437491414496319637383795556611992966325623751692397930801423507928449823318191537322507693613316410777384708 ], [ 4396, 1106208494639139816837418268570345870741337215042816307151255817211668645994677032577532957678716783964409423668739485877752106516 ]
163, [ 2, 2, 1041272143705753399969107037113846598267905270141825012390742743689985910887762404309252501164946936885633782359030454301833172403533132586, 759087392761494228577479030055994170137302941933390434032851460149999729037178792741445073349246316989627027339733201186036382682175653655194 ], [ 2, 28114347880055341799165890002073858153233442293829275334550054079629619593969584916349817531453567295912112123693822266149495654895394579822 ]
167, [ 38034914702529818092345225634386168578515273389905774198743748887792083620799857927849442926822415781097463961296484843640112517932916549376991, 262022527385727916838166259395286315337391718383060878455145686087999664063690221264954812322879622315980429229371484087836735136039862108658090999 ], [ 3156897920309974901664653727654051992016767691362179258495731157686742940526388208011503762926260509831089508787608242022129338988432073598290253 ]
173, [ 1119934427426848750678684903560763695006253634350470295257899848370427034696400746990188654840839179091999238609096593345438719317217727972057723922753, 2070758756312243340004888386683852072066562969914019575931856819636919587153644981184858822800711642141106592188219601095716192017535579020334731533170297 ], [ 48157180379354496279183450853112838885268906277070222696089693479928362491945232120578112158156084700955967260191153513853864930640362302798482128678379 ]
179, [ 9652070055772834003267715654241220714147688432622830016476970713510934159494917202435781953396203941711261542264180244273264267562507810097696425436130117817, 76454046911776618139883575697244709276763840074805436560514085021720109477359239160493828852851331422294902676274571714888526263362624363783853385879586663228457 ], [ 859034234963782226290826693227468643559144270503431871466450393502473140195047631016784593852262150812302277261512041740320519813063195098694981863815580485713 ]
<181, [ 5, 5115, 46035, 302632130523070365586116131886229704826815874381914300068590952286913818150643039254279950892705366175749166863733779\
5815705730356956286429853192939358887415, 151316065261535182793058065943114852413407937190957150034295476143456909075321519627139975446352683\
08787458343186688979078528651784781432149265964696794437075 ], [ 5, 15345, 
302632130523070365586116131886229704826815874381914300068590952286913818150643039254279950892705366175749166863733779581570573035695628642985\
3192939358887415 ]>
<191, [ 4522394901343499220504827434488390545603052122977234258533227065550384638409949081318661202786726569172648659832925197281919052480595\
289676599558164053170442585234134261209, 4081461398462508046505606759625772467406754540986953918326237426659222136164979045890091735515020728\
6783154154992149905469319448637372489331311012430579863244331738061707411225 ], [ 
429627515627632425947958606276397101832289951682837254560656571227286540648945162725272814264739024071401622684127893741782309985656552519276\
958025585051192045597242754814855 ]>
<193, [ 7, 7, 2286054542785731013495914283146373674058495413636668629475377751988038109471832669594335300337508355447706760957964015543229073\
160027898622407800230018615224464752148106911356, 1463074907382867848637385141213679151397437064727467922864241761272344390061972908540374592\
21600534748653232701309696994766660682241785511834099214721191374365744137478842326784 ], [ 7, 
182884363422858481079673142651709893924679633090933490358030220159043048757746613567546824027000668435816540876637121243458325852802231889792\
62401840148921795718017184855290848 ]>
<197, [ 4, 4, 4, 9604, 1520781400354765267162842456481351261951873535412653374379326749717322314308497055844883669702297228301869414927185893\
8356802776017236234127086121052179737302488687190422500472932, 152078140035476526716284245648135126195187353541265337437932674971732231430849\
70558448836697022972283018694149271858938356802776017236234127086121052179737302488687190422500472932 ], [ 4, 196, 
152078140035476526716284245648135126195187353541265337437932674971732231430849705584488366970229722830186941492718589383568027760172362341270\
86121052179737302488687190422500472932 ]>
<199, [ 3, 9, 3763754394666477667784960211116834600887758278794396971720736928543304033527679174953825489342420008480096987129995119098717441\
8063492197920872176262374830330994611366099589391062439, 136624284526393139340594055663541096012225625520236610073462750506121936417054754050\
82386526312984630782752063281882282328344313757047667845276599983242063410151043925894150948955665357 ], [ 9, 
414012983413312543456345623222851806097653410667383666889281062139763443688044709244920803827666200932810668584299463100858918598698414177129\
593938886123133640940725027095483301686829 ]>
<211, [ 1271, 6355, 1063839756037481068253656137281428350759688350169749447094525777120709774851551825160311514522536257970578318837227140345\
31355210133578539575982333001181311322190508975399167567228942670948902055, 
260640740229182861722145753633949945936123645791588614538158815394573894838630197164276321058021383202791688115120649384601820264827267421961\
15671585289421273936674698972796053971090954382481003475 ], [ 6355, 7446878292262367477775592960969998455317818451188246129661680439844968423\
96086277612218060165775380579404823186058998241719486470935049777031876331008269179255333562827794172970602598696642314385 ]>
<223, [ 2, 2, 1360521181756163382946230967033303968771128180511528497700061103055030180265985017730387599665456274067157998825659311011274581\
20100304672850373718411984994222343048107695838343973531669100540984519354828066596734, 
186255349782418767125339019386859313324767447912028251335138365008233631678413348927290062394200963919793930039232759677443490166417317097132\
161620506007457090387632859435602692899764854998640607806996759623170928846 ], [ 2, 
503392837249780451690105457802322468445317426789265544149022608130361166698414456560243411876218821404848459565493945074171595044371127289546\
3827581243444786226692779984746018727020671756720016427216128638464079158 ]>
<227, [ 1279298506211318140645592560263597718530610514368164081294096598321064521154537522463190520693609925353397185153300601545810442404518\
6368216839260805841900795276153703526851846649460189703232054147600178865512012921803, 
163353626258123213379035714020058792679173656579670871540443194639616728706222896243324797587367051368375286572224953811384535390632984735760\
820521229795231254881206640334371229866957162320570099410706683933722892998502507 ], [ 
144560731201878949892951959309786542193958988123602541186232915610280290890462740038340528838377921564933881922322967974676579991710605960850\
2836471060134789866205368498534258671389001436465222118678820211802857460163739 ]>
<229, [ 56, 56, 52542899740293564851683671378015943130838114589611567879862277982239860974363066258483478685694068720219494281932636222698707\
0081800150144402531371755233397756250625324045717817271317332829391546757853033280361909926392, 
189679868062459769114578053674637554702325593668497760046302823515885898117450669193125358055355588079992374357776816763942332299529854202129\
313825203639256590006475741980504132034945557151410348379584945014210649483427512 ], [ 56, 
998315095065577732181989756182302919485924177202619789717383281662557358512898258911186095028187305684170391356720088231275433155420285274364\
8096063349434557368761881156868638528155029323758439388399207632326876288601448 ]>
<233, [ 2, 2, 2, 2, 7491373616982559570671588857221131809925904718044223036981090045388550661647321589479697754965827780986219023194838424016\
37059969608374882923538350536730044964939286399206615919023496382045629539093451279228994821646916975118, 
630024521188233259893480622892297185214768586787519157410109672817177110644539745675242581192626116380941019850685911459776767434440643276538\
695752801389967815513939861732763987898760457300374442377592525831584645005057176074238 ], [ 2, 2, 
217249834892494227549476076859412822487851236823282468072451611316267969187772326094911234894009005648600351672650314296474747391186428716047\
82612165565171303983239305576991861651681395079323256633710087097640849827760592278422 ]>
<239, [ 2, 2, 2, 2, 1232879013523441359426137322447248066967611190488083329872330505257362168519653291190877843691348049518498139988031860478\
2164040447075788972276709489390416071784939911901131657699913557712974707381297689126423465739410953693513946958, 
174587997105054530908335306231754798763283420685017480343220722849495056684068102565540211445131797292314521603705191762320224976771040247636\
410483079257681992546534092431925404688475890773434831226556575719282698335798515253851002872238 ], [ 2, 2, 
146712602609289521771710341371222519969145731668081916254807330125626098053838741651714463399270417892701278658575791396907752081320201888770\
0928429237459512542407849516234667266289713367843990178374425006044392422989903489528159688002 ]>
<241, [ 4, 8, 8, 8, 8, 8, 8, 8, 8, 8, 8, 8, 8, 8, 8, 8, 2920606546029655108932567669413119235916013187081058361352244556703196538829556391380\
259676857355462628819499092640816073577992607691164073982989707362944891490249872889500448163083234492863316847876247860932839186484934348459\
4264, 146030327301482755446628383470655961795800659354052918067612227835159826941477819569012983842867773131440974954632040803678899630384558\
2036991494853681472445745124936444750224081541617246431658423938123930466419593242467174229713200 ], [ 8, 8, 8, 8, 8, 8, 8, 8, 
146030327301482755446628383470655961795800659354052918067612227835159826941477819569012983842867773131440974954632040803678899630384558203699\
149485368147244574512493644475022408154161724643165842393812393046641959324246717422971320 ]>
<251, [ 2, 2, 2, 2, 2, 2, 3753826351314555674413169824120780868068508241330769456449316673965792798729551934655612111858919158817991297008236\
9276321554675806398538210926007400940990356512305690564693231505902759747401116730925770891359115542976139316158575686262866760387502, 
586535367392899324127057785018872010635704412707932727570205730307155124801492489789939392477956118565311140157537019942524291809474977159545\
718865639702974320504776415073331742279730621053142448920715170177486180359002176814977745097857293131054718750 ], [ 2, 2, 2, 
469228293914319459301646228015097608508563530166346182056164584245724099841193991831951513982364894852248912126029615954019433447579981727636\
5750925117623794564038211320586653938237844968425139591365721361419889442872017414519821960782858345048437750 ]>
<257, [ 4, 16, 16, 16, 16, 16, 16, 16, 16, 16, 16, 16, 16, 16, 16, 16, 16, 16, 16, 16, 16, 16, 16, 16, 16, 32, 160, 1280, 
613395324981280835542424067565023517557061867657480097793259500487207393552190559575530441210824910037811809620499127829286572608707966135836\
991669216399054587000892079270184309585777014322626169467383808036422610891840058840376415025893120, 
981432519970049336867878508104037628091298988251968156469215200779531829683504895320848705937319856060498895392798604526858516173932745817339\
1866707462384873392014273268322948953372432229162018711478140928582761774269440941446022640414289920 ], [ 16, 16, 16, 16, 16, 16, 16, 16, 16, 
16, 16, 16, 16, 640, 122679064996256167108484813513004703511412373531496019558651900097441478710438111915106088242164982007562361924099825565\
8573145217415932271673983338432798109174001784158540368619171554028645252338934767616072845221783680117680752830051786240 ]>
<263, [ 2826396139873163828681339707190015107813544217883275959812237586424451247120543222380498063061377714649258670804325257445603590917354\
612854836142163268208984339964639115527083415432992547285452507185317325603789349079338286768738792645779056598626728314749267987701, 
485037841563633644640004707150878492651882323230948987463378092206300078518356422392717272601963029610959280496730257430240032237327225112018\
43035663845734380258133171861560278492245585103965650475807230624686629019550524339238326420594214390289033284609412187936936861 ], [ 
370257894323384461557255501641891979123574292542709150735403123821603113372791162131845246261040480619052885875366608725374070410173454283983\
534623388135376948535367724134047927421722023694394278441276569654096404729393315566704781836597056414420101409232154106388831 ]>
<269, [ 6416986904586289627540742050775707397955383665473742638885320875057432161987885849378227149648266672814846367539127672684288494957264\
64176852388427338028111092321269307874525202406823040545225905365565570391209539684070481003612986103706891145926156967244658378127245542583, 
288058542146878541380303910659321505094217172743116307059562054081328129751636195778588616747710690942658453438831441226797710538631609768989\
0371650320408190693430177923048743633604228629007519089186023845486139623641792389225218694619540234354062518625961271459413205240655087 ], [ 
429938122607281405045229717401972395663010705586740756805316498628847954853188351908341219026433867078594706625121554069847329162136730998491\
10024631647883443185525043627593188561257143716530135659492893216211039158832722227242070068948361706777052516805392111334525451353061 ]>
<271, [ 57, 513, 8367970690353762186936677017252276270107362810426116448458225708829500668651239929071288459092340361914528032719784988185785\
522391892421733785762737808636578746525495107899742842706630895347923129570018178101518991470907183091452320137489949713185499061944855683092\
075643603, 1882793405329596492060752328881762160774156632345876200903100784486637650446528984041039903295776581430768807361951622341801742538\
175794890101796616006943230217968236399277442139608991951453282704153254090072841773080954116195576772030935238685466737288937592528695717019\
810675 ], [ 513, 4183985345176881093468338508626138135053681405213058224229112854414750334325619964535644229546170180957264016359892494092892\
761195946210866892881368904318289373262747553949871421353315447673961564785009089050759495735453591545726160068744974856592749530972427841546\
0378218015 ]>
<277, [ 2, 2, 2, 2, 16, 16, 19356559764526490116567004993426781069251417801865591070122645341393397987384588391793192481194028329121589042814\
284449184828918215041872809422103859852778654675632155295196119525277288353560615618764001988492669243749487562299351549628774113253718970062\
86886541132511509902781548176, 10239620115434513271663945641522767185634000017186897676094879385597107535326447259258598822551640986105320603\
648756473618774497735757150716184292941862119908323409410151158747228871685539033565662326157051912622029943478920456356969753621505911217335\
16325762980259098588738571438985104 ], [ 2, 2, 16, 445200874584109272681041114848815964592782609442908594612820842852048153709845533011243427\
067462651569796547984728542331251065118945963074616708388776613909057539539571789510749081377632131894159231572045735331392606238213932885085\
64146180460483553631144598390446047764727763975608048 ]>
<281, [ 3, 3, 3, 3, 6, 30, 2130, 10650, 19464862798188544221005057006871151435950725993137924111225363307161548393445707028624961830308774388\
752535786534694058769079457379892458823176651570027587482880685424946232096961539603608691850785272092128579775570762477200145395252921674967\
7483364780980103499276928677936665653009250, 953778277111238666829247793336686420361585573663758281450042802050915871278839644402623129685129\
945048874253540200008879684893411614730482335655926931351786661153585822365372751115440576825900688478332514300409002967361382807124367393162\
0734196684874268025071464569505218896616997453250 ], [ 3, 3, 30, 2130, 1362540395873198095470353990480980600516550819519654687785775431501308\
387541199492003747328121614207212677505057428584113835562016592472117622365609901931123801647979746236246787307772252608429554969046449000584\
289953373404010177667704517247742383553466860724494938500745556659571064750 ]>

<283, [ 2, 2, 4439729693327679306815188194425761988685302851283335143473219488479249047145218951989949421941540305802096186499636348651564938\
425154090517938449780083903462287553192665363958940892323454472259031654752365079788087317784651193231619037684054543832823695107692528686360\
369839600506241249012398, 9807362892560843588754750721486508233005833998484887331932341850050661145143788664945798273068862535516830475977696\
694171306948981165385954126035564205342748193205002597788985300431142510929220200925347974461251884884986294485848646454244076487326707542492\
892795868170056975677518286919068387182 ], [ 2, 208667295586400927420313845138010813468209234010316751743241315958524705215825290743527622831\
252394372698520765482908386623552105982242254343107139663943462727515000055272106070221939202360196174487773361158750040103935878606081886094\
771150563560142713670061548848258937382461223793338703582706 ]>
<293, [ 2878801861160974014100672133910515272378586429387531933792019825320836155898640703625954235918640748286712332753091855997091319586853\
410852052943819666793355642290980455176819312658791490481391386816540983980830196099759514669641341576563532673173070337439671296713843718692\
80789156022514892892091764192085, 15341135118126830521142481801609135886505487082206157675177673649134735874783856309622710123210436547619890\
021241226500608499642078341826430590137615004341792217768634845637270117158699852775334700345346903633844115015618453674518709261507065615339\
29182821600834018807317691397325412443981864221957011379620965 ], [ 2101525358647511030293490657754676148836368093452898311668174472484210393\
806007713646946592220607746249300002909757054877876663298402989921998648988356759149618872415732279078098240917788051415712376074918306006043\
1528244457088381793508913788514163413463309600466011059146457497608389643587181122698786022205 ]>



